227  3  5   1  16  0.7343  0.3727 0.6273 0.0000  0.20883 0.31581 0.14617   
227  3  6   1  19  0.8425  0.3852 0.4998 0.1150  0.42023 0.58325 0.41131   
227  3 10  10  17      NA  0.0000 1.0000 0.0000       NA 0.10194 0.01860   
227  3 11  10  19      NA  0.0000 0.8419 0.1581       NA 0.12536 0.42638   
227  3 12   4  17  0.4679  0.5774 0.4226 0.0000  0.69445 0.77030 0.57030   
227  3 14   4  17  0.5420  0.3576 0.6424 0.0000  0.60755 0.66526 0.82411   
227  3 20   3  17  0.5287  0.5184 0.3355 0.1461  0.77281 0.29107 0.68774   
227  5  6   1  16  1.1744  0.2716 0.2245 0.5040  0.40949 0.32139 0.59267   
227  5 10  10  14      NA  0.0000 0.9763 0.0237       NA 0.20728 0.74204   
227  5 11  10  16      NA  0.0000 1.0000 0.0000       NA 0.39634 0.26128   
227  5 12   4  14  0.5940  0.2522 0.6005 0.1472  0.29103 0.05380 0.40882   
227  5 14   4  14  0.4702  0.6074 0.3801 0.0124  0.73815 0.96844 0.74186   
227  5 20   3  14  0.5476  0.3717 0.6225 0.0058  0.65558 0.60482 0.77503   
227  6 10  10  17      NA  0.0000 1.0000 0.0000       NA 0.34890 0.22776   
227  6 11  10  19      NA  0.0000 1.0000 0.0000       NA 0.98830 0.76931   
227  6 12   4  17  0.3700  1.0000 0.0000 0.0000  0.11199 0.09305 0.10879   
227  6 14   4  17  0.4725  0.6437 0.2548 0.1016  0.73697 0.64840 0.82411   
227  6 20   3  17  0.4717  0.5975 0.3443 0.0582  0.77558 0.85383 0.84876   
227 10 11   6  17      NA  0.8767 0.1233 0.0000       NA      NA 0.38811   
227 10 12   1  17  0.7916  0.1585 0.8415 0.0000  0.28185 0.31428 0.30170   
227 10 14   1  17  0.9971  0.2351 0.5310 0.2339  0.98804 0.96600 0.78207   
227 10 20  10  17      NA  0.0000 1.0000 0.0000       NA 0.06144 0.01860   
227 11 12   6  17      NA  0.8178 0.1822 0.0000       NA      NA 0.94191   
227 11 14   6  17      NA  0.8762 0.1238 0.0000       NA      NA 0.38811   
227 11 20   6  17      NA  0.9307 0.0000 0.0693       NA      NA 0.47318   
227 12 14   1  17  0.7831  0.3552 0.6448 0.0000  0.26266 0.26871 0.30170   
227 12 20  10  17      NA  0.0000 0.9128 0.0872       NA 0.22683 0.27646   
227 14 20  10  17      NA  0.0000 0.7716 0.2284       NA 0.11134 0.09653   
301  1  4   1  17  1.1333  0.1222 0.5248 0.3530  0.49773 0.59954 0.62667   
301  1  6   1  16  1.1321  0.1626 0.4509 0.3865  0.49999 0.49112 0.56396   
301  1 12   6  17      NA  0.4382 0.5618 0.0000       NA      NA 0.05268   
301  1 23  10  17      NA  0.0000 0.9680 0.0320       NA 0.91148 0.96768   
301  1 26   4  17  0.5752  0.2684 0.7115 0.0201  0.36801 0.55809 0.40581   
301  1 27   4  17  0.5589  0.2889 0.7111 0.0000  0.48046 0.95331 0.88670   
301  4  6   1  17  1.0487  0.1110 0.6808 0.2082  0.80486 0.68042 0.98924   
301  4 12   6  18      NA  0.9455 0.0000 0.0544       NA      NA 0.03941   
301  4 23   4  19  0.5711  0.2100 0.7505 0.0395  0.38249 0.41959 0.27138   
301  4 26  10  19      NA  0.0000 1.0000 0.0000       NA 0.64864 0.76931   
301  4 27  10  19      NA  0.0000 1.0000 0.0000       NA 0.86578 0.76931   
301  6 12   6  17      NA  0.4868 0.5132 0.0000       NA      NA 0.12154   
301  6 23   4  17  0.5721  0.3058 0.6253 0.0689  0.38810 0.27740 0.40411   
301  6 26   4  17  0.5633  0.3701 0.4754 0.1545  0.44850 0.31686 0.40411   
301  6 27   4  17  0.5203  0.4796 0.4187 0.1017  0.80848 0.70266 0.88390   
301 12 23   6  18      NA  0.3452 0.6548 0.0000       NA      NA 0.00465   
301 12 26  10  18      NA  0.0000 0.9190 0.0810       NA 0.78174 0.32156   
301 12 27  10  18      NA  0.0000 0.9890 0.0110       NA 0.77348 0.89412   
301 23 26   5  19  0.2900  0.6024 0.2410 0.1566  0.46070 0.51514 0.10887   
301 23 27   5  19  0.2497  0.7515 0.2485 0.0000  0.99604 0.87631 0.75292   
301 26 27   1  19  1.1429  0.1429 0.4553 0.4018  0.46447 0.56628 0.45048   
