 227    3   10   11  2 0
 227    5   10   11  1 0
 227    6   10   11  1 0
 227   10   19   20  1 0
 227   11    0    0  2 0
 227   12   19   20  2 0
 227   14   19   20  1 0
 227   19    0    0  1 0
 227   20    0    0  2 0
 301    1    8   16  1 0
 301    4    8   16  2 0
 301    6    8   16  1 0
 301    7    8   16  2 0
 301    8    0    0  1 0
 301    9    0    0  1 0
 301   12    0    0  1 0
 301   16   21   22  2 0
 301   21    0    0  1 0
 301   22    0    0  2 0
 301   23    9    1  1 0
 301   26   12    4  2 0
 301   27   12    4  2 0
